longA =
 
   -0.1767    0.1858         0   -9.8100
   -0.4085   -5.3553   25.0000         0
         0   -2.1856   -3.3887         0
         0         0    1.0000         0
 
 
longB =
 
         0    0.0430
   -0.1175         0
    0.4680         0
         0         0